volatility_grid = [0.354185,0.352585,0.350950,0.349286,0.347594,0.345880,0.344147,0.342399,0.340640,0.338875,0.337109,0.335345,0.333588,0.331842,0.330112,0.328403,0.326717,0.325059,0.323434,0.321844,0.320292,0.318783,0.317319,0.315903,0.314538,0.313225,0.311966,0.310765,0.309621,0.308536,0.307512,0.306550,0.305650,0.304813,0.304039,0.303330,0.302684,0.302103,0.301586,0.301135,0.300747,0.300424,0.300166,0.299972,0.299842,0.299777,0.299775,0.299838,0.299964,0.300155,0.300409,0.300726,0.301107,0.301551,0.302059,0.302629,0.303262,0.303958,0.304716,0.305535,0.306416,0.307357,0.308358,0.309418,0.310536,0.311712,0.312943,0.314228,0.315565,0.316953,0.318390,0.319873,0.321400,0.322968,0.324574,0.326216,0.327889,0.329592,0.331319,0.333068,0.334834,0.336614,0.338403,0.340198,0.341995,0.343789,0.345577,0.347354,0.349116,0.350861,0.352584,0.354281,0.355950,0.357586,0.359188,0.360752,0.362276,0.363757,0.365193,0.366583;
0.354412,0.352724,0.351001,0.349247,0.347466,0.345664,0.343844,0.342011,0.340170,0.338327,0.336486,0.334652,0.332829,0.331024,0.329240,0.327482,0.325754,0.324061,0.322406,0.320793,0.319226,0.317708,0.316240,0.314827,0.313471,0.312173,0.310935,0.309758,0.308645,0.307595,0.306611,0.305692,0.304839,0.304052,0.303332,0.302678,0.302091,0.301571,0.301118,0.300730,0.300409,0.300153,0.299963,0.299839,0.299779,0.299784,0.299853,0.299987,0.300184,0.300445,0.300770,0.301157,0.301607,0.302120,0.302694,0.303330,0.304027,0.304785,0.305603,0.306480,0.307416,0.308410,0.309461,0.310567,0.311727,0.312941,0.314205,0.315520,0.316882,0.318289,0.319740,0.321232,0.322762,0.324328,0.325925,0.327553,0.329206,0.330882,0.332577,0.334288,0.336011,0.337743,0.339479,0.341216,0.342950,0.344678,0.346395,0.348099,0.349787,0.351453,0.353097,0.354714,0.356301,0.357857,0.359378,0.360862,0.362307,0.363711,0.365073,0.366391;
0.334237,0.332456,0.330636,0.328782,0.326899,0.324992,0.323067,0.321131,0.319189,0.317248,0.315313,0.313391,0.311487,0.309606,0.307755,0.305938,0.304161,0.302427,0.300741,0.299107,0.297528,0.296008,0.294548,0.293152,0.291821,0.290557,0.289361,0.288235,0.287179,0.286194,0.285280,0.284437,0.283666,0.282966,0.282336,0.281777,0.281289,0.280870,0.280520,0.280238,0.280025,0.279879,0.279800,0.279787,0.279840,0.279958,0.280141,0.280387,0.280698,0.281070,0.281506,0.282003,0.282561,0.283179,0.283857,0.284594,0.285390,0.286242,0.287151,0.288115,0.289132,0.290203,0.291324,0.292495,0.293713,0.294977,0.296285,0.297635,0.299024,0.300449,0.301909,0.303400,0.304919,0.306463,0.308030,0.309616,0.311218,0.312832,0.314455,0.316085,0.317716,0.319347,0.320973,0.322592,0.324200,0.325795,0.327372,0.328931,0.330467,0.331978,0.333462,0.334917,0.336340,0.337730,0.339084,0.340402,0.341681,0.342921,0.344121,0.345279;
0.308824,0.307026,0.305182,0.303298,0.301380,0.299436,0.297470,0.295492,0.293506,0.291521,0.289543,0.287579,0.285635,0.283718,0.281834,0.279989,0.278187,0.276434,0.274734,0.273092,0.271510,0.269992,0.268541,0.267159,0.265847,0.264608,0.263442,0.262350,0.261333,0.260391,0.259524,0.258731,0.258013,0.257370,0.256799,0.256302,0.255877,0.255523,0.255240,0.255027,0.254883,0.254808,0.254800,0.254858,0.254983,0.255173,0.255428,0.255747,0.256128,0.256572,0.257078,0.257644,0.258271,0.258956,0.259699,0.260500,0.261356,0.262268,0.263232,0.264249,0.265316,0.266432,0.267594,0.268802,0.270053,0.271344,0.272673,0.274039,0.275437,0.276865,0.278321,0.279801,0.281303,0.282823,0.284358,0.285904,0.287459,0.289019,0.290581,0.292142,0.293698,0.295247,0.296786,0.298310,0.299819,0.301309,0.302777,0.304221,0.305640,0.307030,0.308390,0.309718,0.311012,0.312272,0.313495,0.314681,0.315829,0.316938,0.318007,0.319035;
0.293820,0.292017,0.290162,0.288264,0.286328,0.284361,0.282371,0.280366,0.278352,0.276338,0.274331,0.272337,0.270365,0.268421,0.266512,0.264643,0.262821,0.261050,0.259335,0.257681,0.256090,0.254567,0.253114,0.251734,0.250427,0.249195,0.248040,0.246963,0.245962,0.245039,0.244193,0.243424,0.242732,0.242115,0.241574,0.241107,0.240713,0.240392,0.240143,0.239965,0.239856,0.239816,0.239844,0.239940,0.240101,0.240328,0.240620,0.240975,0.241394,0.241874,0.242416,0.243017,0.243678,0.244397,0.245173,0.246005,0.246892,0.247831,0.248823,0.249864,0.250954,0.252090,0.253270,0.254493,0.255756,0.257056,0.258391,0.259758,0.261154,0.262577,0.264023,0.265490,0.266974,0.268472,0.269980,0.271497,0.273017,0.274539,0.276059,0.277574,0.279081,0.280576,0.282058,0.283524,0.284970,0.286395,0.287796,0.289171,0.290518,0.291835,0.293121,0.294374,0.295593,0.296776,0.297923,0.299033,0.300105,0.301138,0.302133,0.303088;
0.274107,0.272219,0.270272,0.268273,0.266230,0.264152,0.262048,0.259929,0.257802,0.255677,0.253563,0.251469,0.249403,0.247374,0.245388,0.243453,0.241574,0.239758,0.238010,0.236332,0.234730,0.233206,0.231763,0.230401,0.229123,0.227930,0.226821,0.225797,0.224858,0.224002,0.223230,0.222540,0.221931,0.221402,0.220952,0.220580,0.220284,0.220063,0.219916,0.219841,0.219837,0.219904,0.220040,0.220243,0.220512,0.220848,0.221247,0.221710,0.222235,0.222820,0.223465,0.224169,0.224929,0.225745,0.226615,0.227538,0.228511,0.229532,0.230601,0.231714,0.232870,0.234066,0.235300,0.236569,0.237870,0.239201,0.240558,0.241940,0.243342,0.244761,0.246195,0.247640,0.249094,0.250553,0.252013,0.253473,0.254929,0.256377,0.257816,0.259243,0.260654,0.262048,0.263423,0.264775,0.266104,0.267407,0.268682,0.269929,0.271144,0.272329,0.273480,0.274598,0.275681,0.276728,0.277741,0.278716,0.279656,0.280558,0.281424,0.282254;
0.238190,0.236346,0.234427,0.232442,0.230401,0.228315,0.226194,0.224049,0.221892,0.219733,0.217583,0.215452,0.213352,0.211290,0.209276,0.207318,0.205422,0.203596,0.201844,0.200172,0.198582,0.197078,0.195663,0.194337,0.193102,0.191959,0.190906,0.189944,0.189071,0.188288,0.187592,0.186982,0.186457,0.186015,0.185654,0.185373,0.185170,0.185044,0.184992,0.185014,0.185108,0.185273,0.185506,0.185807,0.186175,0.186607,0.187103,0.187661,0.188279,0.188957,0.189692,0.190482,0.191327,0.192223,0.193170,0.194164,0.195204,0.196288,0.197412,0.198575,0.199773,0.201003,0.202263,0.203550,0.204860,0.206191,0.207539,0.208900,0.210273,0.211653,0.213037,0.214423,0.215806,0.217185,0.218557,0.219917,0.221265,0.222597,0.223912,0.225206,0.226478,0.227726,0.228948,0.230143,0.231308,0.232444,0.233549,0.234621,0.235661,0.236666,0.237638,0.238575,0.239477,0.240344,0.241176,0.241973,0.242734,0.243462,0.244154,0.244813;
0.215095,0.213222,0.211262,0.209227,0.207129,0.204984,0.202805,0.200605,0.198400,0.196203,0.194027,0.191884,0.189786,0.187743,0.185765,0.183860,0.182034,0.180293,0.178643,0.177086,0.175625,0.174261,0.172996,0.171829,0.170760,0.169787,0.168910,0.168127,0.167435,0.166833,0.166318,0.165889,0.165542,0.165276,0.165089,0.164978,0.164942,0.164978,0.165084,0.165259,0.165501,0.165808,0.166179,0.166611,0.167102,0.167652,0.168259,0.168919,0.169633,0.170396,0.171209,0.172067,0.172970,0.173914,0.174898,0.175918,0.176973,0.178059,0.179173,0.180313,0.181476,0.182658,0.183858,0.185071,0.186295,0.187527,0.188763,0.190002,0.191240,0.192475,0.193704,0.194925,0.196134,0.197331,0.198512,0.199676,0.200821,0.201946,0.203048,0.204127,0.205180,0.206208,0.207209,0.208183,0.209127,0.210043,0.210930,0.211786,0.212612,0.213409,0.214174,0.214910,0.215615,0.216291,0.216936,0.217553,0.218140,0.218698,0.219229,0.219731;
